0.8058774787400211,0.1943941514310219,-0.9320190823368184,-0.2587830529450639,0.7571209224094928,0.7158539132998885,0.3013391203602547,-0.7926409098706979,0.7803240369430111,-0.7581238964214683,-1.0594000969305695
0.8961430564372952,0.3210587981734785,-0.4611058852537193,0.7687296931543108,-0.1325048792546355,-0.9299254133553754,0.6992964184835195,0.45694367651547285,-0.07582147992942079,-0.6540869630936683,0.39683753328433224
-0.292864144181028,0.16594400133228082,-0.45221027420883986,0.012997016959076735,0.05854087787047413,-0.42872429624369834,-0.14651729616380038,-0.2754471765033655,0.836066313305323,-0.27626445281143086,-0.893897448191705
0.7217373013693009,0.5409349695397234,-0.47596898240951013,-0.058920420459345646,0.7733421262588631,-0.7948651178161441,0.9103350556691858,0.4851465338462284,0.3830049125710102,0.8779196072888733,1.331003336240779
0.32893400615576285,-0.5778302133010782,0.8844848685672184,-0.7512072863354642,-0.8733948538667393,-0.12521079621909514,-0.2291512981532342,-0.16921250344892602,0.7820582847094335,-0.24363959339905183,-0.2618689740359822
-0.9340552455784663,0.6893255217794259,-0.7643027616403184,-0.6771866904835715,0.968165937336745,-0.43163406145810224,0.5486381523637509,0.038913295157479544,0.20959885013711022,0.7151700276908235,-1.0309632949090386
-0.4456235091004608,-0.31968135888890137,-0.6628676348972635,0.6577381135500981,-0.09032177515494277,0.4602851069978069,-0.3299241169463645,0.5005903783270234,-0.8300626796283519,0.5499476914658485,0.5657818385263234
-0.13585872387552178,0.6103537866711857,0.023233740669758918,0.0652535787851658,-0.2546622449767699,0.49301987206119935,0.5009210850595476,0.26364296941044474,0.37468693629996985,0.7917553671164945,1.0552585174997202
-0.7398261868170142,-0.014159127871159694,0.16858367231111204,0.32538873029518367,-0.21811416543165674,0.9171326320962325,-0.675451824943974,-0.6404464164179611,-0.4959749369120492,-0.9791657171822614,-1.5287506773546278
0.03602630875867918,-0.7363661099534959,-0.7306969541614747,0.987933738264589,-0.9957608380188954,-0.5949137743389854,0.1711228730947938,0.4617741497544483,0.3626375635721193,0.2865001187498617,0.21417723782730164
0.24851686253118066,0.21420101376265266,-0.30563409290068866,0.09430044871919363,-0.4464550737468478,0.6715063265600769,-0.8831168030535665,0.6252128958156167,-0.8236485568418948,0.13223680428309081,0.3759658656195213
0.5109473119649566,-0.991316186107448,-0.7935360491552592,0.7914046894318674,0.30732729857428187,0.30711108289559697,-0.17552629996890912,0.7666065933641966,0.6630003667329929,-0.5166023675442932,0.5733211095126955
-0.05053172567553155,0.9513895861616126,-0.3339052275585255,0.8664032352979822,0.731455830691705,0.9027189734276198,-0.3691955961602602,0.14823895972326118,-0.4236261019385794,-0.08289543550504086,1.1031552043570219
0.5692053105119572,-0.9031396862247743,0.713569765940663,-0.9166350792054105,-0.3725736936772086,-0.0050186604572162175,0.47626903135486653,-0.3164380628239236,0.8291957233412692,0.769307426868769,0.5277375685118918
-0.7061295883585366,-0.0892224788070819,-0.6743434813245097,0.1266311502257662,-0.7769261923643973,0.553652798476006,0.0790771538331867,0.019065045778734913,-0.48805045228754795,0.5714786384298776,-0.4750569640899913
0.9493647224125092,0.8543123335999836,-0.08442420587254706,0.040293262034110544,-0.3371998397493614,0.5330003306311248,-0.7578360334251573,-0.2953332673738036,-0.5564830624068466,0.9186241185009991,1.4483524360580053
0.43774090719446557,0.2910854012396318,-0.08084915379723334,-0.5091484370274721,-0.529613591302962,0.2509811755895508,0.9631779673982428,0.1777483403431428,-0.4482247301455593,0.7738283197845373,0.6853603929098497
-0.662761868656986,-0.9586899053354077,-0.01948897706463204,-0.8897531398448655,-0.422445318382747,0.7191574416098307,0.2677533440735298,0.24073711029176215,0.004262974016421728,0.5278920915810612,-0.9314070842791604
-0.6475292799357464,-0.9235315073454267,-0.9752521213355556,-0.6059623041928068,0.8738346931571599,-0.7342083931509797,-0.2809661921097677,0.38872630690514365,-0.5564974234443094,0.6041153024998787,-1.0806089088149506
0.2747413435623347,-0.22100320229927517,-0.20430066212533338,0.8384745700046248,0.12099945819958546,0.9143911568240595,0.08861681860522941,-0.9571798034292684,-0.8816112740010871,0.5587904340709955,1.051014368786406
0.7009616647913259,0.18960602578380747,0.24490279574678597,-0.6442705527444637,-0.6448731982432807,0.25335136158605787,-0.450114654169411,-0.07945057871917083,-0.5872690810566485,-0.3544604823275368,-0.4750416716157565
0.612392958690996,-0.8633119327827452,-0.3518115355197824,0.00639681970873851,-0.6056800640167932,-0.607352688853555,-0.3673271080365468,-0.4154583967414782,-0.9147844731919608,-0.09384307396066016,-0.8108513651732071
-0.17130438082019928,0.13119565273531597,-0.7132021772471853,0.4918833721150513,0.39817117696312976,-0.040762657674927816,0.195497190007333,-0.8882639298339907,-0.8774339758424887,-0.4765564826842892,-0.9947778904665787
0.42151882836101673,-0.6481696291777947,0.2508752057692929,0.7321544182635444,0.9671061500108429,0.45205096342958995,0.01708009966295676,-0.31928417941893383,-0.6002665813545585,0.529485901018282,2.0346902344674556
0.553773513355543,0.3728609738618123,0.8557419912969857,-0.09386568966408215,-0.4108135396247532,0.8051146588574429,-0.6576317035532409,0.4001153301859903,0.5547419727522076,-0.43556847409789534,0.944189737649326
0.9084320716178456,0.5245085037706052,0.8766541717681471,-0.7279044202124552,-0.7853948381050857,-0.4334750762874189,0.7242114960067851,0.5363615178669796,-0.5606803688209574,0.9389199044304313,1.606299813978451
0.6236103826252424,0.8263100839329485,-0.8083011894564549,-0.6919947056207902,-0.24688036246152945,0.5359476144631468,0.35724541909258045,-0.1616068332710816,-0.6179179577757696,0.9303040854384246,0.10111724641426185
0.8204277343069826,0.08007561187755474,0.10557107427997758,0.5604416791264146,0.30604832754158195,0.9132671064293767,-0.9902141102870015,-0.13245724943843218,0.2079134662480726,-0.5790371018323575,1.0814328408982201
0.6772300058458367,-0.14526100118534746,-0.8629991554364644,-0.5361503050235117,0.20385478134424084,-0.06280461762519152,0.19151660097863643,0.6185158182164836,0.6318774908254423,-0.6095668431938803,-1.1917037617662707
-0.8922977875378584,0.6337198255476488,0.261576700362792,0.2173338604499333,0.9294188723079422,0.1446423235543366,-0.8485453930502884,-0.47251388024351293,0.08611104289099569,0.6725727529173204,0.6428749248693668
-0.9173320996257011,0.6930615329851051,-0.45689843955459986,0.3429822127292297,0.580100955240066,0.5879558212230507,-0.28834050030528746,-0.281283261119484,-0.5942690451268371,-0.8711385226297792,-1.3944929732686557
0.025174802548873387,0.6685455021035214,0.46720519197027044,-0.9462027599896443,0.22115671810405257,0.9962559486135292,-0.12893738608336158,0.3475821907390688,0.20650215912376857,0.0049568146718590445,0.21447770959478007
-0.683768965175068,0.0194435967838964,-0.8017180351284903,-0.5803703914536791,0.5256051553746104,0.20207390543220072,0.469190553916462,0.3504164994906651,0.7279259650654815,0.42728518996269327,-0.7344597673196813
0.010647215196664339,0.21158282553983465,-0.6557095619581281,-0.7223207639897489,0.9469651892165583,-0.7767712124527675,0.7269838912776732,0.7870920597298239,-0.5401061817825463,0.3899068689268197,-0.2937306294719287
0.03578986997765754,0.0773839491330841,-0.7134443609397305,-0.19280507408208702,0.20617856501280984,-0.17014698746755674,0.3475846410479244,-0.5789071176447458,-0.7428415702134157,-0.3121907768273391,-1.552297201537859
0.153516358351673,0.5889453876774615,-0.15770299477608996,0.998296157012871,0.7854943826352656,-0.5564818906970166,-0.7866524223634759,-0.9353904589460931,0.8713247232611292,0.8861320077366301,1.5216273947090506
-0.12305662161707853,0.40297176161049375,0.0031125814802024365,0.17525988067916098,0.22909187803869302,0.989163258094748,0.7202645042986846,-0.6055169770449786,0.41321142799375,-0.12295223924579246,0.15710003087627045
0.5298175459914385,-0.7501767507487536,0.8847300054077003,0.881624946921211,0.9514585117149774,0.6665829949965725,-0.826282752415032,-0.540690564272762,-0.32407219273870225,0.8500292297661731,2.861879070853974
0.8738204049890359,-0.6482455523907247,-0.4691676264420017,0.502503744090842,-0.8461014260235722,0.8788537042960289,0.3785841844864495,0.5669023059274825,0.5829783501317967,0.5672086195765178,1.4893098930111737
-0.7545491311654728,0.7987607151571436,0.06762688702156705,0.5577147745485662,0.3196675206984634,-0.9641056516368729,0.015308472752576519,-0.9478170929613101,0.034177729995867656,0.09047738828440943,-0.49883076344453936
